# NAU Concrete Canoe 2026 — Design B CNC Coordinates
# Design B — Conservative (Extra Margin)
# Hull: 196" × 34" × 18", thickness 0.5"
# Stations every 6.0" (33 stations)
# Format: Station_Number, Position_in, X_coord, Y_coord
# Cross-section: V-bottom, deadrise=15°, depth=18"
# Origin: keel centerline at bottom

Station, Pos(in), X(in), Y(in)
# --- Station 0 at 0" (beam=0.0") ---
0, 0.0, 0.000, 0.000
# --- Station 1 at 6" (beam=3.3") ---
1, 6.0, -1.632, 0.437
1, 6.0, -1.469, 0.394
1, 6.0, -1.306, 0.350
1, 6.0, -1.143, 0.306
1, 6.0, -0.979, 0.262
1, 6.0, -0.816, 0.219
1, 6.0, -0.653, 0.175
1, 6.0, -0.490, 0.131
1, 6.0, -0.326, 0.087
1, 6.0, -0.163, 0.044
1, 6.0, -0.000, 0.000
1, 6.0, 0.163, 0.044
1, 6.0, 0.326, 0.087
1, 6.0, 0.490, 0.131
1, 6.0, 0.653, 0.175
1, 6.0, 0.816, 0.219
1, 6.0, 0.979, 0.262
1, 6.0, 1.143, 0.306
1, 6.0, 1.306, 0.350
1, 6.0, 1.469, 0.394
1, 6.0, 1.632, 0.437
1, 6.0, 1.632, 18.000
1, 6.0, -1.632, 18.000
# --- Station 2 at 12" (beam=6.5") ---
2, 12.0, -3.250, 0.871
2, 12.0, -2.925, 0.784
2, 12.0, -2.600, 0.697
2, 12.0, -2.275, 0.610
2, 12.0, -1.950, 0.522
2, 12.0, -1.625, 0.435
2, 12.0, -1.300, 0.348
2, 12.0, -0.975, 0.261
2, 12.0, -0.650, 0.174
2, 12.0, -0.325, 0.087
2, 12.0, 0.000, 0.000
2, 12.0, 0.325, 0.087
2, 12.0, 0.650, 0.174
2, 12.0, 0.975, 0.261
2, 12.0, 1.300, 0.348
2, 12.0, 1.625, 0.435
2, 12.0, 1.950, 0.522
2, 12.0, 2.275, 0.610
2, 12.0, 2.600, 0.697
2, 12.0, 2.925, 0.784
2, 12.0, 3.250, 0.871
2, 12.0, 3.250, 18.000
2, 12.0, -3.250, 18.000
# --- Station 3 at 18" (beam=9.7") ---
3, 18.0, -4.837, 1.296
3, 18.0, -4.353, 1.166
3, 18.0, -3.870, 1.037
3, 18.0, -3.386, 0.907
3, 18.0, -2.902, 0.778
3, 18.0, -2.418, 0.648
3, 18.0, -1.935, 0.518
3, 18.0, -1.451, 0.389
3, 18.0, -0.967, 0.259
3, 18.0, -0.484, 0.130
3, 18.0, 0.000, 0.000
3, 18.0, 0.484, 0.130
3, 18.0, 0.967, 0.259
3, 18.0, 1.451, 0.389
3, 18.0, 1.935, 0.518
3, 18.0, 2.418, 0.648
3, 18.0, 2.902, 0.778
3, 18.0, 3.386, 0.907
3, 18.0, 3.870, 1.037
3, 18.0, 4.353, 1.166
3, 18.0, 4.837, 1.296
3, 18.0, 4.837, 18.000
3, 18.0, -4.837, 18.000
# --- Station 4 at 24" (beam=12.8") ---
4, 24.0, -6.380, 1.709
4, 24.0, -5.742, 1.538
4, 24.0, -5.104, 1.368
4, 24.0, -4.466, 1.197
4, 24.0, -3.828, 1.026
4, 24.0, -3.190, 0.855
4, 24.0, -2.552, 0.684
4, 24.0, -1.914, 0.513
4, 24.0, -1.276, 0.342
4, 24.0, -0.638, 0.171
4, 24.0, 0.000, 0.000
4, 24.0, 0.638, 0.171
4, 24.0, 1.276, 0.342
4, 24.0, 1.914, 0.513
4, 24.0, 2.552, 0.684
4, 24.0, 3.190, 0.855
4, 24.0, 3.828, 1.026
4, 24.0, 4.466, 1.197
4, 24.0, 5.104, 1.368
4, 24.0, 5.742, 1.538
4, 24.0, 6.380, 1.709
4, 24.0, 6.380, 18.000
4, 24.0, -6.380, 18.000
# --- Station 5 at 30" (beam=15.7") ---
5, 30.0, -7.863, 2.107
5, 30.0, -7.077, 1.896
5, 30.0, -6.291, 1.686
5, 30.0, -5.504, 1.475
5, 30.0, -4.718, 1.264
5, 30.0, -3.932, 1.053
5, 30.0, -3.145, 0.843
5, 30.0, -2.359, 0.632
5, 30.0, -1.573, 0.421
5, 30.0, -0.786, 0.211
5, 30.0, -0.000, 0.000
5, 30.0, 0.786, 0.211
5, 30.0, 1.573, 0.421
5, 30.0, 2.359, 0.632
5, 30.0, 3.145, 0.843
5, 30.0, 3.932, 1.053
5, 30.0, 4.718, 1.264
5, 30.0, 5.504, 1.475
5, 30.0, 6.291, 1.686
5, 30.0, 7.077, 1.896
5, 30.0, 7.863, 2.107
5, 30.0, 7.863, 18.000
5, 30.0, -7.863, 18.000
# --- Station 6 at 36" (beam=18.5") ---
6, 36.0, -9.274, 2.485
6, 36.0, -8.347, 2.236
6, 36.0, -7.419, 1.988
6, 36.0, -6.492, 1.739
6, 36.0, -5.564, 1.491
6, 36.0, -4.637, 1.242
6, 36.0, -3.710, 0.994
6, 36.0, -2.782, 0.745
6, 36.0, -1.855, 0.497
6, 36.0, -0.927, 0.248
6, 36.0, 0.000, 0.000
6, 36.0, 0.927, 0.248
6, 36.0, 1.855, 0.497
6, 36.0, 2.782, 0.745
6, 36.0, 3.710, 0.994
6, 36.0, 4.637, 1.242
6, 36.0, 5.564, 1.491
6, 36.0, 6.492, 1.739
6, 36.0, 7.419, 1.988
6, 36.0, 8.347, 2.236
6, 36.0, 9.274, 2.485
6, 36.0, 9.274, 18.000
6, 36.0, -9.274, 18.000
# --- Station 7 at 42" (beam=21.2") ---
7, 42.0, -10.599, 2.840
7, 42.0, -9.539, 2.556
7, 42.0, -8.479, 2.272
7, 42.0, -7.420, 1.988
7, 42.0, -6.360, 1.704
7, 42.0, -5.300, 1.420
7, 42.0, -4.240, 1.136
7, 42.0, -3.180, 0.852
7, 42.0, -2.120, 0.568
7, 42.0, -1.060, 0.284
7, 42.0, 0.000, 0.000
7, 42.0, 1.060, 0.284
7, 42.0, 2.120, 0.568
7, 42.0, 3.180, 0.852
7, 42.0, 4.240, 1.136
7, 42.0, 5.300, 1.420
7, 42.0, 6.360, 1.704
7, 42.0, 7.420, 1.988
7, 42.0, 8.479, 2.272
7, 42.0, 9.539, 2.556
7, 42.0, 10.599, 2.840
7, 42.0, 10.599, 18.000
7, 42.0, -10.599, 18.000
# --- Station 8 at 48" (beam=23.7") ---
8, 48.0, -11.827, 3.169
8, 48.0, -10.644, 2.852
8, 48.0, -9.461, 2.535
8, 48.0, -8.279, 2.218
8, 48.0, -7.096, 1.901
8, 48.0, -5.913, 1.584
8, 48.0, -4.731, 1.268
8, 48.0, -3.548, 0.951
8, 48.0, -2.365, 0.634
8, 48.0, -1.183, 0.317
8, 48.0, 0.000, 0.000
8, 48.0, 1.183, 0.317
8, 48.0, 2.365, 0.634
8, 48.0, 3.548, 0.951
8, 48.0, 4.731, 1.268
8, 48.0, 5.913, 1.584
8, 48.0, 7.096, 1.901
8, 48.0, 8.279, 2.218
8, 48.0, 9.461, 2.535
8, 48.0, 10.644, 2.852
8, 48.0, 11.827, 3.169
8, 48.0, 11.827, 18.000
8, 48.0, -11.827, 18.000
# --- Station 9 at 54" (beam=25.9") ---
9, 54.0, -12.945, 3.468
9, 54.0, -11.650, 3.122
9, 54.0, -10.356, 2.775
9, 54.0, -9.061, 2.428
9, 54.0, -7.767, 2.081
9, 54.0, -6.472, 1.734
9, 54.0, -5.178, 1.387
9, 54.0, -3.883, 1.041
9, 54.0, -2.589, 0.694
9, 54.0, -1.294, 0.347
9, 54.0, 0.000, 0.000
9, 54.0, 1.294, 0.347
9, 54.0, 2.589, 0.694
9, 54.0, 3.883, 1.041
9, 54.0, 5.178, 1.387
9, 54.0, 6.472, 1.734
9, 54.0, 7.767, 2.081
9, 54.0, 9.061, 2.428
9, 54.0, 10.356, 2.775
9, 54.0, 11.650, 3.122
9, 54.0, 12.945, 3.468
9, 54.0, 12.945, 18.000
9, 54.0, -12.945, 18.000
# --- Station 10 at 60" (beam=27.9") ---
10, 60.0, -13.943, 3.736
10, 60.0, -12.549, 3.362
10, 60.0, -11.154, 2.989
10, 60.0, -9.760, 2.615
10, 60.0, -8.366, 2.242
10, 60.0, -6.971, 1.868
10, 60.0, -5.577, 1.494
10, 60.0, -4.183, 1.121
10, 60.0, -2.789, 0.747
10, 60.0, -1.394, 0.374
10, 60.0, 0.000, 0.000
10, 60.0, 1.394, 0.374
10, 60.0, 2.789, 0.747
10, 60.0, 4.183, 1.121
10, 60.0, 5.577, 1.494
10, 60.0, 6.971, 1.868
10, 60.0, 8.366, 2.242
10, 60.0, 9.760, 2.615
10, 60.0, 11.154, 2.989
10, 60.0, 12.549, 3.362
10, 60.0, 13.943, 3.736
10, 60.0, 13.943, 18.000
10, 60.0, -13.943, 18.000
# --- Station 11 at 66" (beam=29.6") ---
11, 66.0, -14.812, 3.969
11, 66.0, -13.331, 3.572
11, 66.0, -11.850, 3.175
11, 66.0, -10.369, 2.778
11, 66.0, -8.887, 2.381
11, 66.0, -7.406, 1.984
11, 66.0, -5.925, 1.588
11, 66.0, -4.444, 1.191
11, 66.0, -2.962, 0.794
11, 66.0, -1.481, 0.397
11, 66.0, 0.000, 0.000
11, 66.0, 1.481, 0.397
11, 66.0, 2.962, 0.794
11, 66.0, 4.444, 1.191
11, 66.0, 5.925, 1.588
11, 66.0, 7.406, 1.984
11, 66.0, 8.887, 2.381
11, 66.0, 10.369, 2.778
11, 66.0, 11.850, 3.175
11, 66.0, 13.331, 3.572
11, 66.0, 14.812, 3.969
11, 66.0, 14.812, 18.000
11, 66.0, -14.812, 18.000
# --- Station 12 at 72" (beam=31.1") ---
12, 72.0, -15.545, 4.165
12, 72.0, -13.991, 3.749
12, 72.0, -12.436, 3.332
12, 72.0, -10.882, 2.916
12, 72.0, -9.327, 2.499
12, 72.0, -7.773, 2.083
12, 72.0, -6.218, 1.666
12, 72.0, -4.664, 1.250
12, 72.0, -3.109, 0.833
12, 72.0, -1.555, 0.417
12, 72.0, 0.000, 0.000
12, 72.0, 1.555, 0.417
12, 72.0, 3.109, 0.833
12, 72.0, 4.664, 1.250
12, 72.0, 6.218, 1.666
12, 72.0, 7.773, 2.083
12, 72.0, 9.327, 2.499
12, 72.0, 10.882, 2.916
12, 72.0, 12.436, 3.332
12, 72.0, 13.991, 3.749
12, 72.0, 15.545, 4.165
12, 72.0, 15.545, 18.000
12, 72.0, -15.545, 18.000
# --- Station 13 at 78" (beam=32.3") ---
13, 78.0, -16.134, 4.323
13, 78.0, -14.521, 3.891
13, 78.0, -12.907, 3.458
13, 78.0, -11.294, 3.026
13, 78.0, -9.680, 2.594
13, 78.0, -8.067, 2.162
13, 78.0, -6.454, 1.729
13, 78.0, -4.840, 1.297
13, 78.0, -3.227, 0.865
13, 78.0, -1.613, 0.432
13, 78.0, 0.000, 0.000
13, 78.0, 1.613, 0.432
13, 78.0, 3.227, 0.865
13, 78.0, 4.840, 1.297
13, 78.0, 6.454, 1.729
13, 78.0, 8.067, 2.162
13, 78.0, 9.680, 2.594
13, 78.0, 11.294, 3.026
13, 78.0, 12.907, 3.458
13, 78.0, 14.521, 3.891
13, 78.0, 16.134, 4.323
13, 78.0, 16.134, 18.000
13, 78.0, -16.134, 18.000
# --- Station 14 at 84" (beam=33.1") ---
14, 84.0, -16.574, 4.441
14, 84.0, -14.916, 3.997
14, 84.0, -13.259, 3.553
14, 84.0, -11.602, 3.109
14, 84.0, -9.944, 2.665
14, 84.0, -8.287, 2.220
14, 84.0, -6.630, 1.776
14, 84.0, -4.972, 1.332
14, 84.0, -3.315, 0.888
14, 84.0, -1.657, 0.444
14, 84.0, 0.000, 0.000
14, 84.0, 1.657, 0.444
14, 84.0, 3.315, 0.888
14, 84.0, 4.972, 1.332
14, 84.0, 6.630, 1.776
14, 84.0, 8.287, 2.220
14, 84.0, 9.944, 2.665
14, 84.0, 11.602, 3.109
14, 84.0, 13.259, 3.553
14, 84.0, 14.916, 3.997
14, 84.0, 16.574, 4.441
14, 84.0, 16.574, 18.000
14, 84.0, -16.574, 18.000
# --- Station 15 at 90" (beam=33.7") ---
15, 90.0, -16.860, 4.518
15, 90.0, -15.174, 4.066
15, 90.0, -13.488, 3.614
15, 90.0, -11.802, 3.162
15, 90.0, -10.116, 2.711
15, 90.0, -8.430, 2.259
15, 90.0, -6.744, 1.807
15, 90.0, -5.058, 1.355
15, 90.0, -3.372, 0.904
15, 90.0, -1.686, 0.452
15, 90.0, 0.000, 0.000
15, 90.0, 1.686, 0.452
15, 90.0, 3.372, 0.904
15, 90.0, 5.058, 1.355
15, 90.0, 6.744, 1.807
15, 90.0, 8.430, 2.259
15, 90.0, 10.116, 2.711
15, 90.0, 11.802, 3.162
15, 90.0, 13.488, 3.614
15, 90.0, 15.174, 4.066
15, 90.0, 16.860, 4.518
15, 90.0, 16.860, 18.000
15, 90.0, -16.860, 18.000
# --- Station 16 at 96" (beam=34.0") ---
16, 96.0, -16.991, 4.553
16, 96.0, -15.292, 4.098
16, 96.0, -13.593, 3.642
16, 96.0, -11.894, 3.187
16, 96.0, -10.195, 2.732
16, 96.0, -8.496, 2.276
16, 96.0, -6.797, 1.821
16, 96.0, -5.097, 1.366
16, 96.0, -3.398, 0.911
16, 96.0, -1.699, 0.455
16, 96.0, 0.000, 0.000
16, 96.0, 1.699, 0.455
16, 96.0, 3.398, 0.911
16, 96.0, 5.097, 1.366
16, 96.0, 6.797, 1.821
16, 96.0, 8.496, 2.276
16, 96.0, 10.195, 2.732
16, 96.0, 11.894, 3.187
16, 96.0, 13.593, 3.642
16, 96.0, 15.292, 4.098
16, 96.0, 16.991, 4.553
16, 96.0, 16.991, 18.000
16, 96.0, -16.991, 18.000
# --- Station 17 at 102" (beam=33.9") ---
17, 102.0, -16.965, 4.546
17, 102.0, -15.269, 4.091
17, 102.0, -13.572, 3.637
17, 102.0, -11.876, 3.182
17, 102.0, -10.179, 2.727
17, 102.0, -8.483, 2.273
17, 102.0, -6.786, 1.818
17, 102.0, -5.090, 1.364
17, 102.0, -3.393, 0.909
17, 102.0, -1.697, 0.455
17, 102.0, 0.000, 0.000
17, 102.0, 1.697, 0.455
17, 102.0, 3.393, 0.909
17, 102.0, 5.090, 1.364
17, 102.0, 6.786, 1.818
17, 102.0, 8.483, 2.273
17, 102.0, 10.179, 2.727
17, 102.0, 11.876, 3.182
17, 102.0, 13.572, 3.637
17, 102.0, 15.269, 4.091
17, 102.0, 16.965, 4.546
17, 102.0, 16.965, 18.000
17, 102.0, -16.965, 18.000
# --- Station 18 at 108" (beam=33.6") ---
18, 108.0, -16.782, 4.497
18, 108.0, -15.104, 4.047
18, 108.0, -13.426, 3.597
18, 108.0, -11.747, 3.148
18, 108.0, -10.069, 2.698
18, 108.0, -8.391, 2.248
18, 108.0, -6.713, 1.799
18, 108.0, -5.035, 1.349
18, 108.0, -3.356, 0.899
18, 108.0, -1.678, 0.450
18, 108.0, 0.000, 0.000
18, 108.0, 1.678, 0.450
18, 108.0, 3.356, 0.899
18, 108.0, 5.035, 1.349
18, 108.0, 6.713, 1.799
18, 108.0, 8.391, 2.248
18, 108.0, 10.069, 2.698
18, 108.0, 11.747, 3.148
18, 108.0, 13.426, 3.597
18, 108.0, 15.104, 4.047
18, 108.0, 16.782, 4.497
18, 108.0, 16.782, 18.000
18, 108.0, -16.782, 18.000
# --- Station 19 at 114" (beam=32.9") ---
19, 114.0, -16.444, 4.406
19, 114.0, -14.800, 3.966
19, 114.0, -13.155, 3.525
19, 114.0, -11.511, 3.084
19, 114.0, -9.866, 2.644
19, 114.0, -8.222, 2.203
19, 114.0, -6.578, 1.762
19, 114.0, -4.933, 1.322
19, 114.0, -3.289, 0.881
19, 114.0, -1.644, 0.441
19, 114.0, 0.000, 0.000
19, 114.0, 1.644, 0.441
19, 114.0, 3.289, 0.881
19, 114.0, 4.933, 1.322
19, 114.0, 6.578, 1.762
19, 114.0, 8.222, 2.203
19, 114.0, 9.866, 2.644
19, 114.0, 11.511, 3.084
19, 114.0, 13.155, 3.525
19, 114.0, 14.800, 3.966
19, 114.0, 16.444, 4.406
19, 114.0, 16.444, 18.000
19, 114.0, -16.444, 18.000
# --- Station 20 at 120" (beam=31.9") ---
20, 120.0, -15.954, 4.275
20, 120.0, -14.359, 3.847
20, 120.0, -12.763, 3.420
20, 120.0, -11.168, 2.992
20, 120.0, -9.572, 2.565
20, 120.0, -7.977, 2.137
20, 120.0, -6.382, 1.710
20, 120.0, -4.786, 1.282
20, 120.0, -3.191, 0.855
20, 120.0, -1.595, 0.427
20, 120.0, 0.000, 0.000
20, 120.0, 1.595, 0.427
20, 120.0, 3.191, 0.855
20, 120.0, 4.786, 1.282
20, 120.0, 6.382, 1.710
20, 120.0, 7.977, 2.137
20, 120.0, 9.572, 2.565
20, 120.0, 11.168, 2.992
20, 120.0, 12.763, 3.420
20, 120.0, 14.359, 3.847
20, 120.0, 15.954, 4.275
20, 120.0, 15.954, 18.000
20, 120.0, -15.954, 18.000
# --- Station 21 at 126" (beam=30.6") ---
21, 126.0, -15.316, 4.104
21, 126.0, -13.785, 3.694
21, 126.0, -12.253, 3.283
21, 126.0, -10.722, 2.873
21, 126.0, -9.190, 2.462
21, 126.0, -7.658, 2.052
21, 126.0, -6.127, 1.642
21, 126.0, -4.595, 1.231
21, 126.0, -3.063, 0.821
21, 126.0, -1.532, 0.410
21, 126.0, 0.000, 0.000
21, 126.0, 1.532, 0.410
21, 126.0, 3.063, 0.821
21, 126.0, 4.595, 1.231
21, 126.0, 6.127, 1.642
21, 126.0, 7.658, 2.052
21, 126.0, 9.190, 2.462
21, 126.0, 10.722, 2.873
21, 126.0, 12.253, 3.283
21, 126.0, 13.785, 3.694
21, 126.0, 15.316, 4.104
21, 126.0, 15.316, 18.000
21, 126.0, -15.316, 18.000
# --- Station 22 at 132" (beam=29.1") ---
22, 132.0, -14.537, 3.895
22, 132.0, -13.084, 3.506
22, 132.0, -11.630, 3.116
22, 132.0, -10.176, 2.727
22, 132.0, -8.722, 2.337
22, 132.0, -7.269, 1.948
22, 132.0, -5.815, 1.558
22, 132.0, -4.361, 1.169
22, 132.0, -2.907, 0.779
22, 132.0, -1.454, 0.390
22, 132.0, 0.000, 0.000
22, 132.0, 1.454, 0.390
22, 132.0, 2.907, 0.779
22, 132.0, 4.361, 1.169
22, 132.0, 5.815, 1.558
22, 132.0, 7.269, 1.948
22, 132.0, 8.722, 2.337
22, 132.0, 10.176, 2.727
22, 132.0, 11.630, 3.116
22, 132.0, 13.084, 3.506
22, 132.0, 14.537, 3.895
22, 132.0, 14.537, 18.000
22, 132.0, -14.537, 18.000
# --- Station 23 at 138" (beam=27.2") ---
23, 138.0, -13.624, 3.651
23, 138.0, -12.262, 3.285
23, 138.0, -10.899, 2.920
23, 138.0, -9.537, 2.555
23, 138.0, -8.174, 2.190
23, 138.0, -6.812, 1.825
23, 138.0, -5.450, 1.460
23, 138.0, -4.087, 1.095
23, 138.0, -2.725, 0.730
23, 138.0, -1.362, 0.365
23, 138.0, 0.000, 0.000
23, 138.0, 1.362, 0.365
23, 138.0, 2.725, 0.730
23, 138.0, 4.087, 1.095
23, 138.0, 5.450, 1.460
23, 138.0, 6.812, 1.825
23, 138.0, 8.174, 2.190
23, 138.0, 9.537, 2.555
23, 138.0, 10.899, 2.920
23, 138.0, 12.262, 3.285
23, 138.0, 13.624, 3.651
23, 138.0, 13.624, 18.000
23, 138.0, -13.624, 18.000
# --- Station 24 at 144" (beam=25.2") ---
24, 144.0, -12.585, 3.372
24, 144.0, -11.326, 3.035
24, 144.0, -10.068, 2.698
24, 144.0, -8.809, 2.360
24, 144.0, -7.551, 2.023
24, 144.0, -6.292, 1.686
24, 144.0, -5.034, 1.349
24, 144.0, -3.775, 1.012
24, 144.0, -2.517, 0.674
24, 144.0, -1.258, 0.337
24, 144.0, 0.000, 0.000
24, 144.0, 1.258, 0.337
24, 144.0, 2.517, 0.674
24, 144.0, 3.775, 1.012
24, 144.0, 5.034, 1.349
24, 144.0, 6.292, 1.686
24, 144.0, 7.551, 2.023
24, 144.0, 8.809, 2.360
24, 144.0, 10.068, 2.698
24, 144.0, 11.326, 3.035
24, 144.0, 12.585, 3.372
24, 144.0, 12.585, 18.000
24, 144.0, -12.585, 18.000
# --- Station 25 at 150" (beam=22.9") ---
25, 150.0, -11.429, 3.062
25, 150.0, -10.286, 2.756
25, 150.0, -9.143, 2.450
25, 150.0, -8.000, 2.144
25, 150.0, -6.857, 1.837
25, 150.0, -5.715, 1.531
25, 150.0, -4.572, 1.225
25, 150.0, -3.429, 0.919
25, 150.0, -2.286, 0.612
25, 150.0, -1.143, 0.306
25, 150.0, 0.000, 0.000
25, 150.0, 1.143, 0.306
25, 150.0, 2.286, 0.612
25, 150.0, 3.429, 0.919
25, 150.0, 4.572, 1.225
25, 150.0, 5.715, 1.531
25, 150.0, 6.857, 1.837
25, 150.0, 8.000, 2.144
25, 150.0, 9.143, 2.450
25, 150.0, 10.286, 2.756
25, 150.0, 11.429, 3.062
25, 150.0, 11.429, 18.000
25, 150.0, -11.429, 18.000
# --- Station 26 at 156" (beam=20.3") ---
26, 156.0, -10.168, 2.724
26, 156.0, -9.151, 2.452
26, 156.0, -8.134, 2.180
26, 156.0, -7.118, 1.907
26, 156.0, -6.101, 1.635
26, 156.0, -5.084, 1.362
26, 156.0, -4.067, 1.090
26, 156.0, -3.050, 0.817
26, 156.0, -2.034, 0.545
26, 156.0, -1.017, 0.272
26, 156.0, 0.000, 0.000
26, 156.0, 1.017, 0.272
26, 156.0, 2.034, 0.545
26, 156.0, 3.050, 0.817
26, 156.0, 4.067, 1.090
26, 156.0, 5.084, 1.362
26, 156.0, 6.101, 1.635
26, 156.0, 7.118, 1.907
26, 156.0, 8.134, 2.180
26, 156.0, 9.151, 2.452
26, 156.0, 10.168, 2.724
26, 156.0, 10.168, 18.000
26, 156.0, -10.168, 18.000
# --- Station 27 at 162" (beam=17.6") ---
27, 162.0, -8.813, 2.361
27, 162.0, -7.931, 2.125
27, 162.0, -7.050, 1.889
27, 162.0, -6.169, 1.653
27, 162.0, -5.288, 1.417
27, 162.0, -4.406, 1.181
27, 162.0, -3.525, 0.945
27, 162.0, -2.644, 0.708
27, 162.0, -1.763, 0.472
27, 162.0, -0.881, 0.236
27, 162.0, 0.000, 0.000
27, 162.0, 0.881, 0.236
27, 162.0, 1.763, 0.472
27, 162.0, 2.644, 0.708
27, 162.0, 3.525, 0.945
27, 162.0, 4.406, 1.181
27, 162.0, 5.288, 1.417
27, 162.0, 6.169, 1.653
27, 162.0, 7.050, 1.889
27, 162.0, 7.931, 2.125
27, 162.0, 8.813, 2.361
27, 162.0, 8.813, 18.000
27, 162.0, -8.813, 18.000
# --- Station 28 at 168" (beam=14.8") ---
28, 168.0, -7.376, 1.976
28, 168.0, -6.638, 1.779
28, 168.0, -5.901, 1.581
28, 168.0, -5.163, 1.383
28, 168.0, -4.426, 1.186
28, 168.0, -3.688, 0.988
28, 168.0, -2.950, 0.791
28, 168.0, -2.213, 0.593
28, 168.0, -1.475, 0.395
28, 168.0, -0.738, 0.198
28, 168.0, -0.000, 0.000
28, 168.0, 0.738, 0.198
28, 168.0, 1.475, 0.395
28, 168.0, 2.213, 0.593
28, 168.0, 2.950, 0.791
28, 168.0, 3.688, 0.988
28, 168.0, 4.426, 1.186
28, 168.0, 5.163, 1.383
28, 168.0, 5.901, 1.581
28, 168.0, 6.638, 1.779
28, 168.0, 7.376, 1.976
28, 168.0, 7.376, 18.000
28, 168.0, -7.376, 18.000
# --- Station 29 at 174" (beam=11.7") ---
29, 174.0, -5.871, 1.573
29, 174.0, -5.284, 1.416
29, 174.0, -4.697, 1.259
29, 174.0, -4.110, 1.101
29, 174.0, -3.523, 0.944
29, 174.0, -2.936, 0.787
29, 174.0, -2.348, 0.629
29, 174.0, -1.761, 0.472
29, 174.0, -1.174, 0.315
29, 174.0, -0.587, 0.157
29, 174.0, 0.000, 0.000
29, 174.0, 0.587, 0.157
29, 174.0, 1.174, 0.315
29, 174.0, 1.761, 0.472
29, 174.0, 2.348, 0.629
29, 174.0, 2.936, 0.787
29, 174.0, 3.523, 0.944
29, 174.0, 4.110, 1.101
29, 174.0, 4.697, 1.259
29, 174.0, 5.284, 1.416
29, 174.0, 5.871, 1.573
29, 174.0, 5.871, 18.000
29, 174.0, -5.871, 18.000
# --- Station 30 at 180" (beam=8.6") ---
30, 180.0, -4.312, 1.155
30, 180.0, -3.881, 1.040
30, 180.0, -3.450, 0.924
30, 180.0, -3.018, 0.809
30, 180.0, -2.587, 0.693
30, 180.0, -2.156, 0.578
30, 180.0, -1.725, 0.462
30, 180.0, -1.294, 0.347
30, 180.0, -0.862, 0.231
30, 180.0, -0.431, 0.116
30, 180.0, 0.000, 0.000
30, 180.0, 0.431, 0.116
30, 180.0, 0.862, 0.231
30, 180.0, 1.294, 0.347
30, 180.0, 1.725, 0.462
30, 180.0, 2.156, 0.578
30, 180.0, 2.587, 0.693
30, 180.0, 3.018, 0.809
30, 180.0, 3.450, 0.924
30, 180.0, 3.881, 1.040
30, 180.0, 4.312, 1.155
30, 180.0, 4.312, 18.000
30, 180.0, -4.312, 18.000
# --- Station 31 at 186" (beam=5.4") ---
31, 186.0, -2.713, 0.727
31, 186.0, -2.442, 0.654
31, 186.0, -2.171, 0.582
31, 186.0, -1.899, 0.509
31, 186.0, -1.628, 0.436
31, 186.0, -1.357, 0.363
31, 186.0, -1.085, 0.291
31, 186.0, -0.814, 0.218
31, 186.0, -0.543, 0.145
31, 186.0, -0.271, 0.073
31, 186.0, 0.000, 0.000
31, 186.0, 0.271, 0.073
31, 186.0, 0.543, 0.145
31, 186.0, 0.814, 0.218
31, 186.0, 1.085, 0.291
31, 186.0, 1.357, 0.363
31, 186.0, 1.628, 0.436
31, 186.0, 1.899, 0.509
31, 186.0, 2.171, 0.582
31, 186.0, 2.442, 0.654
31, 186.0, 2.713, 0.727
31, 186.0, 2.713, 18.000
31, 186.0, -2.713, 18.000
# --- Station 32 at 192" (beam=2.2") ---
32, 192.0, -1.089, 0.292
32, 192.0, -0.980, 0.263
32, 192.0, -0.871, 0.233
32, 192.0, -0.762, 0.204
32, 192.0, -0.654, 0.175
32, 192.0, -0.545, 0.146
32, 192.0, -0.436, 0.117
32, 192.0, -0.327, 0.088
32, 192.0, -0.218, 0.058
32, 192.0, -0.109, 0.029
32, 192.0, 0.000, 0.000
32, 192.0, 0.109, 0.029
32, 192.0, 0.218, 0.058
32, 192.0, 0.327, 0.088
32, 192.0, 0.436, 0.117
32, 192.0, 0.545, 0.146
32, 192.0, 0.654, 0.175
32, 192.0, 0.762, 0.204
32, 192.0, 0.871, 0.233
32, 192.0, 0.980, 0.263
32, 192.0, 1.089, 0.292
32, 192.0, 1.089, 18.000
32, 192.0, -1.089, 18.000