# NAU Concrete Canoe 2026 — Design C CNC Coordinates
# Design C — Long & Stable (Speed)
# Hull: 216" × 36" × 18", thickness 0.5"
# Stations every 6.0" (37 stations)
# Format: Station_Number, Position_in, X_coord, Y_coord
# Cross-section: V-bottom, deadrise=15°, depth=18"
# Origin: keel centerline at bottom

Station, Pos(in), X(in), Y(in)
# --- Station 0 at 0" (beam=0.0") ---
0, 0.0, 0.000, 0.000
# --- Station 1 at 6" (beam=3.1") ---
1, 6.0, -1.569, 0.420
1, 6.0, -1.412, 0.378
1, 6.0, -1.255, 0.336
1, 6.0, -1.098, 0.294
1, 6.0, -0.941, 0.252
1, 6.0, -0.784, 0.210
1, 6.0, -0.628, 0.168
1, 6.0, -0.471, 0.126
1, 6.0, -0.314, 0.084
1, 6.0, -0.157, 0.042
1, 6.0, 0.000, 0.000
1, 6.0, 0.157, 0.042
1, 6.0, 0.314, 0.084
1, 6.0, 0.471, 0.126
1, 6.0, 0.628, 0.168
1, 6.0, 0.784, 0.210
1, 6.0, 0.941, 0.252
1, 6.0, 1.098, 0.294
1, 6.0, 1.255, 0.336
1, 6.0, 1.412, 0.378
1, 6.0, 1.569, 0.420
1, 6.0, 1.569, 18.000
1, 6.0, -1.569, 18.000
# --- Station 2 at 12" (beam=6.3") ---
2, 12.0, -3.126, 0.838
2, 12.0, -2.813, 0.754
2, 12.0, -2.501, 0.670
2, 12.0, -2.188, 0.586
2, 12.0, -1.875, 0.503
2, 12.0, -1.563, 0.419
2, 12.0, -1.250, 0.335
2, 12.0, -0.938, 0.251
2, 12.0, -0.625, 0.168
2, 12.0, -0.313, 0.084
2, 12.0, 0.000, 0.000
2, 12.0, 0.313, 0.084
2, 12.0, 0.625, 0.168
2, 12.0, 0.938, 0.251
2, 12.0, 1.250, 0.335
2, 12.0, 1.563, 0.419
2, 12.0, 1.875, 0.503
2, 12.0, 2.188, 0.586
2, 12.0, 2.501, 0.670
2, 12.0, 2.813, 0.754
2, 12.0, 3.126, 0.838
2, 12.0, 3.126, 18.000
2, 12.0, -3.126, 18.000
# --- Station 3 at 18" (beam=9.3") ---
3, 18.0, -4.659, 1.248
3, 18.0, -4.193, 1.123
3, 18.0, -3.727, 0.999
3, 18.0, -3.261, 0.874
3, 18.0, -2.795, 0.749
3, 18.0, -2.329, 0.624
3, 18.0, -1.863, 0.499
3, 18.0, -1.398, 0.374
3, 18.0, -0.932, 0.250
3, 18.0, -0.466, 0.125
3, 18.0, 0.000, 0.000
3, 18.0, 0.466, 0.125
3, 18.0, 0.932, 0.250
3, 18.0, 1.398, 0.374
3, 18.0, 1.863, 0.499
3, 18.0, 2.329, 0.624
3, 18.0, 2.795, 0.749
3, 18.0, 3.261, 0.874
3, 18.0, 3.727, 0.999
3, 18.0, 4.193, 1.123
3, 18.0, 4.659, 1.248
3, 18.0, 4.659, 18.000
3, 18.0, -4.659, 18.000
# --- Station 4 at 24" (beam=12.3") ---
4, 24.0, -6.156, 1.650
4, 24.0, -5.541, 1.485
4, 24.0, -4.925, 1.320
4, 24.0, -4.309, 1.155
4, 24.0, -3.694, 0.990
4, 24.0, -3.078, 0.825
4, 24.0, -2.463, 0.660
4, 24.0, -1.847, 0.495
4, 24.0, -1.231, 0.330
4, 24.0, -0.616, 0.165
4, 24.0, 0.000, 0.000
4, 24.0, 0.616, 0.165
4, 24.0, 1.231, 0.330
4, 24.0, 1.847, 0.495
4, 24.0, 2.463, 0.660
4, 24.0, 3.078, 0.825
4, 24.0, 3.694, 0.990
4, 24.0, 4.309, 1.155
4, 24.0, 4.925, 1.320
4, 24.0, 5.541, 1.485
4, 24.0, 6.156, 1.650
4, 24.0, 6.156, 18.000
4, 24.0, -6.156, 18.000
# --- Station 5 at 30" (beam=15.2") ---
5, 30.0, -7.607, 2.038
5, 30.0, -6.846, 1.834
5, 30.0, -6.086, 1.631
5, 30.0, -5.325, 1.427
5, 30.0, -4.564, 1.223
5, 30.0, -3.804, 1.019
5, 30.0, -3.043, 0.815
5, 30.0, -2.282, 0.611
5, 30.0, -1.521, 0.408
5, 30.0, -0.761, 0.204
5, 30.0, 0.000, 0.000
5, 30.0, 0.761, 0.204
5, 30.0, 1.521, 0.408
5, 30.0, 2.282, 0.611
5, 30.0, 3.043, 0.815
5, 30.0, 3.804, 1.019
5, 30.0, 4.564, 1.223
5, 30.0, 5.325, 1.427
5, 30.0, 6.086, 1.631
5, 30.0, 6.846, 1.834
5, 30.0, 7.607, 2.038
5, 30.0, 7.607, 18.000
5, 30.0, -7.607, 18.000
# --- Station 6 at 36" (beam=18.0") ---
6, 36.0, -9.000, 2.412
6, 36.0, -8.100, 2.170
6, 36.0, -7.200, 1.929
6, 36.0, -6.300, 1.688
6, 36.0, -5.400, 1.447
6, 36.0, -4.500, 1.206
6, 36.0, -3.600, 0.965
6, 36.0, -2.700, 0.723
6, 36.0, -1.800, 0.482
6, 36.0, -0.900, 0.241
6, 36.0, 0.000, 0.000
6, 36.0, 0.900, 0.241
6, 36.0, 1.800, 0.482
6, 36.0, 2.700, 0.723
6, 36.0, 3.600, 0.965
6, 36.0, 4.500, 1.206
6, 36.0, 5.400, 1.447
6, 36.0, 6.300, 1.688
6, 36.0, 7.200, 1.929
6, 36.0, 8.100, 2.170
6, 36.0, 9.000, 2.412
6, 36.0, 9.000, 18.000
6, 36.0, -9.000, 18.000
# --- Station 7 at 42" (beam=20.6") ---
7, 42.0, -10.324, 2.766
7, 42.0, -9.292, 2.490
7, 42.0, -8.260, 2.213
7, 42.0, -7.227, 1.936
7, 42.0, -6.195, 1.660
7, 42.0, -5.162, 1.383
7, 42.0, -4.130, 1.107
7, 42.0, -3.097, 0.830
7, 42.0, -2.065, 0.553
7, 42.0, -1.032, 0.277
7, 42.0, 0.000, 0.000
7, 42.0, 1.032, 0.277
7, 42.0, 2.065, 0.553
7, 42.0, 3.097, 0.830
7, 42.0, 4.130, 1.107
7, 42.0, 5.162, 1.383
7, 42.0, 6.195, 1.660
7, 42.0, 7.227, 1.936
7, 42.0, 8.260, 2.213
7, 42.0, 9.292, 2.490
7, 42.0, 10.324, 2.766
7, 42.0, 10.324, 18.000
7, 42.0, -10.324, 18.000
# --- Station 8 at 48" (beam=23.1") ---
8, 48.0, -11.570, 3.100
8, 48.0, -10.413, 2.790
8, 48.0, -9.256, 2.480
8, 48.0, -8.099, 2.170
8, 48.0, -6.942, 1.860
8, 48.0, -5.785, 1.550
8, 48.0, -4.628, 1.240
8, 48.0, -3.471, 0.930
8, 48.0, -2.314, 0.620
8, 48.0, -1.157, 0.310
8, 48.0, 0.000, 0.000
8, 48.0, 1.157, 0.310
8, 48.0, 2.314, 0.620
8, 48.0, 3.471, 0.930
8, 48.0, 4.628, 1.240
8, 48.0, 5.785, 1.550
8, 48.0, 6.942, 1.860
8, 48.0, 8.099, 2.170
8, 48.0, 9.256, 2.480
8, 48.0, 10.413, 2.790
8, 48.0, 11.570, 3.100
8, 48.0, 11.570, 18.000
8, 48.0, -11.570, 18.000
# --- Station 9 at 54" (beam=25.5") ---
9, 54.0, -12.728, 3.410
9, 54.0, -11.455, 3.069
9, 54.0, -10.182, 2.728
9, 54.0, -8.910, 2.387
9, 54.0, -7.637, 2.046
9, 54.0, -6.364, 1.705
9, 54.0, -5.091, 1.364
9, 54.0, -3.818, 1.023
9, 54.0, -2.546, 0.682
9, 54.0, -1.273, 0.341
9, 54.0, 0.000, 0.000
9, 54.0, 1.273, 0.341
9, 54.0, 2.546, 0.682
9, 54.0, 3.818, 1.023
9, 54.0, 5.091, 1.364
9, 54.0, 6.364, 1.705
9, 54.0, 7.637, 2.046
9, 54.0, 8.910, 2.387
9, 54.0, 10.182, 2.728
9, 54.0, 11.455, 3.069
9, 54.0, 12.728, 3.410
9, 54.0, 12.728, 18.000
9, 54.0, -12.728, 18.000
# --- Station 10 at 60" (beam=27.6") ---
10, 60.0, -13.789, 3.695
10, 60.0, -12.410, 3.325
10, 60.0, -11.031, 2.956
10, 60.0, -9.652, 2.586
10, 60.0, -8.273, 2.217
10, 60.0, -6.894, 1.847
10, 60.0, -5.516, 1.478
10, 60.0, -4.137, 1.108
10, 60.0, -2.758, 0.739
10, 60.0, -1.379, 0.369
10, 60.0, 0.000, 0.000
10, 60.0, 1.379, 0.369
10, 60.0, 2.758, 0.739
10, 60.0, 4.137, 1.108
10, 60.0, 5.516, 1.478
10, 60.0, 6.894, 1.847
10, 60.0, 8.273, 2.217
10, 60.0, 9.652, 2.586
10, 60.0, 11.031, 2.956
10, 60.0, 12.410, 3.325
10, 60.0, 13.789, 3.695
10, 60.0, 13.789, 18.000
10, 60.0, -13.789, 18.000
# --- Station 11 at 66" (beam=29.5") ---
11, 66.0, -14.745, 3.951
11, 66.0, -13.270, 3.556
11, 66.0, -11.796, 3.161
11, 66.0, -10.321, 2.766
11, 66.0, -8.847, 2.371
11, 66.0, -7.372, 1.975
11, 66.0, -5.898, 1.580
11, 66.0, -4.423, 1.185
11, 66.0, -2.949, 0.790
11, 66.0, -1.474, 0.395
11, 66.0, 0.000, 0.000
11, 66.0, 1.474, 0.395
11, 66.0, 2.949, 0.790
11, 66.0, 4.423, 1.185
11, 66.0, 5.898, 1.580
11, 66.0, 7.372, 1.975
11, 66.0, 8.847, 2.371
11, 66.0, 10.321, 2.766
11, 66.0, 11.796, 3.161
11, 66.0, 13.270, 3.556
11, 66.0, 14.745, 3.951
11, 66.0, 14.745, 18.000
11, 66.0, -14.745, 18.000
# --- Station 12 at 72" (beam=31.2") ---
12, 72.0, -15.588, 4.177
12, 72.0, -14.030, 3.759
12, 72.0, -12.471, 3.342
12, 72.0, -10.912, 2.924
12, 72.0, -9.353, 2.506
12, 72.0, -7.794, 2.088
12, 72.0, -6.235, 1.671
12, 72.0, -4.677, 1.253
12, 72.0, -3.118, 0.835
12, 72.0, -1.559, 0.418
12, 72.0, -0.000, 0.000
12, 72.0, 1.559, 0.418
12, 72.0, 3.118, 0.835
12, 72.0, 4.677, 1.253
12, 72.0, 6.235, 1.671
12, 72.0, 7.794, 2.088
12, 72.0, 9.353, 2.506
12, 72.0, 10.912, 2.924
12, 72.0, 12.471, 3.342
12, 72.0, 14.030, 3.759
12, 72.0, 15.588, 4.177
12, 72.0, 15.588, 18.000
12, 72.0, -15.588, 18.000
# --- Station 13 at 78" (beam=32.6") ---
13, 78.0, -16.314, 4.371
13, 78.0, -14.682, 3.934
13, 78.0, -13.051, 3.497
13, 78.0, -11.419, 3.060
13, 78.0, -9.788, 2.623
13, 78.0, -8.157, 2.186
13, 78.0, -6.525, 1.748
13, 78.0, -4.894, 1.311
13, 78.0, -3.263, 0.874
13, 78.0, -1.631, 0.437
13, 78.0, 0.000, 0.000
13, 78.0, 1.631, 0.437
13, 78.0, 3.263, 0.874
13, 78.0, 4.894, 1.311
13, 78.0, 6.525, 1.748
13, 78.0, 8.157, 2.186
13, 78.0, 9.788, 2.623
13, 78.0, 11.419, 3.060
13, 78.0, 13.051, 3.497
13, 78.0, 14.682, 3.934
13, 78.0, 16.314, 4.371
13, 78.0, 16.314, 18.000
13, 78.0, -16.314, 18.000
# --- Station 14 at 84" (beam=33.8") ---
14, 84.0, -16.914, 4.532
14, 84.0, -15.223, 4.079
14, 84.0, -13.532, 3.626
14, 84.0, -11.840, 3.173
14, 84.0, -10.149, 2.719
14, 84.0, -8.457, 2.266
14, 84.0, -6.766, 1.813
14, 84.0, -5.074, 1.360
14, 84.0, -3.383, 0.906
14, 84.0, -1.691, 0.453
14, 84.0, 0.000, 0.000
14, 84.0, 1.691, 0.453
14, 84.0, 3.383, 0.906
14, 84.0, 5.074, 1.360
14, 84.0, 6.766, 1.813
14, 84.0, 8.457, 2.266
14, 84.0, 10.149, 2.719
14, 84.0, 11.840, 3.173
14, 84.0, 13.532, 3.626
14, 84.0, 15.223, 4.079
14, 84.0, 16.914, 4.532
14, 84.0, 16.914, 18.000
14, 84.0, -16.914, 18.000
# --- Station 15 at 90" (beam=34.8") ---
15, 90.0, -17.387, 4.659
15, 90.0, -15.648, 4.193
15, 90.0, -13.909, 3.727
15, 90.0, -12.171, 3.261
15, 90.0, -10.432, 2.795
15, 90.0, -8.693, 2.329
15, 90.0, -6.955, 1.863
15, 90.0, -5.216, 1.398
15, 90.0, -3.477, 0.932
15, 90.0, -1.739, 0.466
15, 90.0, 0.000, 0.000
15, 90.0, 1.739, 0.466
15, 90.0, 3.477, 0.932
15, 90.0, 5.216, 1.398
15, 90.0, 6.955, 1.863
15, 90.0, 8.693, 2.329
15, 90.0, 10.432, 2.795
15, 90.0, 12.171, 3.261
15, 90.0, 13.909, 3.727
15, 90.0, 15.648, 4.193
15, 90.0, 17.387, 4.659
15, 90.0, 17.387, 18.000
15, 90.0, -17.387, 18.000
# --- Station 16 at 96" (beam=35.5") ---
16, 96.0, -17.727, 4.750
16, 96.0, -15.954, 4.275
16, 96.0, -14.181, 3.800
16, 96.0, -12.409, 3.325
16, 96.0, -10.636, 2.850
16, 96.0, -8.863, 2.375
16, 96.0, -7.091, 1.900
16, 96.0, -5.318, 1.425
16, 96.0, -3.545, 0.950
16, 96.0, -1.773, 0.475
16, 96.0, 0.000, 0.000
16, 96.0, 1.773, 0.475
16, 96.0, 3.545, 0.950
16, 96.0, 5.318, 1.425
16, 96.0, 7.091, 1.900
16, 96.0, 8.863, 2.375
16, 96.0, 10.636, 2.850
16, 96.0, 12.409, 3.325
16, 96.0, 14.181, 3.800
16, 96.0, 15.954, 4.275
16, 96.0, 17.727, 4.750
16, 96.0, 17.727, 18.000
16, 96.0, -17.727, 18.000
# --- Station 17 at 102" (beam=35.9") ---
17, 102.0, -17.932, 4.805
17, 102.0, -16.138, 4.324
17, 102.0, -14.345, 3.844
17, 102.0, -12.552, 3.363
17, 102.0, -10.759, 2.883
17, 102.0, -8.966, 2.402
17, 102.0, -7.173, 1.922
17, 102.0, -5.379, 1.441
17, 102.0, -3.586, 0.961
17, 102.0, -1.793, 0.480
17, 102.0, 0.000, 0.000
17, 102.0, 1.793, 0.480
17, 102.0, 3.586, 0.961
17, 102.0, 5.379, 1.441
17, 102.0, 7.173, 1.922
17, 102.0, 8.966, 2.402
17, 102.0, 10.759, 2.883
17, 102.0, 12.552, 3.363
17, 102.0, 14.345, 3.844
17, 102.0, 16.138, 4.324
17, 102.0, 17.932, 4.805
17, 102.0, 17.932, 18.000
17, 102.0, -17.932, 18.000
# --- Station 18 at 108" (beam=36.0") ---
18, 108.0, -18.000, 4.823
18, 108.0, -16.200, 4.341
18, 108.0, -14.400, 3.858
18, 108.0, -12.600, 3.376
18, 108.0, -10.800, 2.894
18, 108.0, -9.000, 2.412
18, 108.0, -7.200, 1.929
18, 108.0, -5.400, 1.447
18, 108.0, -3.600, 0.965
18, 108.0, -1.800, 0.482
18, 108.0, 0.000, 0.000
18, 108.0, 1.800, 0.482
18, 108.0, 3.600, 0.965
18, 108.0, 5.400, 1.447
18, 108.0, 7.200, 1.929
18, 108.0, 9.000, 2.412
18, 108.0, 10.800, 2.894
18, 108.0, 12.600, 3.376
18, 108.0, 14.400, 3.858
18, 108.0, 16.200, 4.341
18, 108.0, 18.000, 4.823
18, 108.0, 18.000, 18.000
18, 108.0, -18.000, 18.000
# --- Station 19 at 114" (beam=35.9") ---
19, 114.0, -17.932, 4.805
19, 114.0, -16.138, 4.324
19, 114.0, -14.345, 3.844
19, 114.0, -12.552, 3.363
19, 114.0, -10.759, 2.883
19, 114.0, -8.966, 2.402
19, 114.0, -7.173, 1.922
19, 114.0, -5.379, 1.441
19, 114.0, -3.586, 0.961
19, 114.0, -1.793, 0.480
19, 114.0, 0.000, 0.000
19, 114.0, 1.793, 0.480
19, 114.0, 3.586, 0.961
19, 114.0, 5.379, 1.441
19, 114.0, 7.173, 1.922
19, 114.0, 8.966, 2.402
19, 114.0, 10.759, 2.883
19, 114.0, 12.552, 3.363
19, 114.0, 14.345, 3.844
19, 114.0, 16.138, 4.324
19, 114.0, 17.932, 4.805
19, 114.0, 17.932, 18.000
19, 114.0, -17.932, 18.000
# --- Station 20 at 120" (beam=35.5") ---
20, 120.0, -17.727, 4.750
20, 120.0, -15.954, 4.275
20, 120.0, -14.181, 3.800
20, 120.0, -12.409, 3.325
20, 120.0, -10.636, 2.850
20, 120.0, -8.863, 2.375
20, 120.0, -7.091, 1.900
20, 120.0, -5.318, 1.425
20, 120.0, -3.545, 0.950
20, 120.0, -1.773, 0.475
20, 120.0, 0.000, 0.000
20, 120.0, 1.773, 0.475
20, 120.0, 3.545, 0.950
20, 120.0, 5.318, 1.425
20, 120.0, 7.091, 1.900
20, 120.0, 8.863, 2.375
20, 120.0, 10.636, 2.850
20, 120.0, 12.409, 3.325
20, 120.0, 14.181, 3.800
20, 120.0, 15.954, 4.275
20, 120.0, 17.727, 4.750
20, 120.0, 17.727, 18.000
20, 120.0, -17.727, 18.000
# --- Station 21 at 126" (beam=34.8") ---
21, 126.0, -17.387, 4.659
21, 126.0, -15.648, 4.193
21, 126.0, -13.909, 3.727
21, 126.0, -12.171, 3.261
21, 126.0, -10.432, 2.795
21, 126.0, -8.693, 2.329
21, 126.0, -6.955, 1.863
21, 126.0, -5.216, 1.398
21, 126.0, -3.477, 0.932
21, 126.0, -1.739, 0.466
21, 126.0, 0.000, 0.000
21, 126.0, 1.739, 0.466
21, 126.0, 3.477, 0.932
21, 126.0, 5.216, 1.398
21, 126.0, 6.955, 1.863
21, 126.0, 8.693, 2.329
21, 126.0, 10.432, 2.795
21, 126.0, 12.171, 3.261
21, 126.0, 13.909, 3.727
21, 126.0, 15.648, 4.193
21, 126.0, 17.387, 4.659
21, 126.0, 17.387, 18.000
21, 126.0, -17.387, 18.000
# --- Station 22 at 132" (beam=33.8") ---
22, 132.0, -16.914, 4.532
22, 132.0, -15.223, 4.079
22, 132.0, -13.532, 3.626
22, 132.0, -11.840, 3.173
22, 132.0, -10.149, 2.719
22, 132.0, -8.457, 2.266
22, 132.0, -6.766, 1.813
22, 132.0, -5.074, 1.360
22, 132.0, -3.383, 0.906
22, 132.0, -1.691, 0.453
22, 132.0, 0.000, 0.000
22, 132.0, 1.691, 0.453
22, 132.0, 3.383, 0.906
22, 132.0, 5.074, 1.360
22, 132.0, 6.766, 1.813
22, 132.0, 8.457, 2.266
22, 132.0, 10.149, 2.719
22, 132.0, 11.840, 3.173
22, 132.0, 13.532, 3.626
22, 132.0, 15.223, 4.079
22, 132.0, 16.914, 4.532
22, 132.0, 16.914, 18.000
22, 132.0, -16.914, 18.000
# --- Station 23 at 138" (beam=32.6") ---
23, 138.0, -16.314, 4.371
23, 138.0, -14.682, 3.934
23, 138.0, -13.051, 3.497
23, 138.0, -11.419, 3.060
23, 138.0, -9.788, 2.623
23, 138.0, -8.157, 2.186
23, 138.0, -6.525, 1.748
23, 138.0, -4.894, 1.311
23, 138.0, -3.263, 0.874
23, 138.0, -1.631, 0.437
23, 138.0, 0.000, 0.000
23, 138.0, 1.631, 0.437
23, 138.0, 3.263, 0.874
23, 138.0, 4.894, 1.311
23, 138.0, 6.525, 1.748
23, 138.0, 8.157, 2.186
23, 138.0, 9.788, 2.623
23, 138.0, 11.419, 3.060
23, 138.0, 13.051, 3.497
23, 138.0, 14.682, 3.934
23, 138.0, 16.314, 4.371
23, 138.0, 16.314, 18.000
23, 138.0, -16.314, 18.000
# --- Station 24 at 144" (beam=31.2") ---
24, 144.0, -15.588, 4.177
24, 144.0, -14.030, 3.759
24, 144.0, -12.471, 3.342
24, 144.0, -10.912, 2.924
24, 144.0, -9.353, 2.506
24, 144.0, -7.794, 2.088
24, 144.0, -6.235, 1.671
24, 144.0, -4.677, 1.253
24, 144.0, -3.118, 0.835
24, 144.0, -1.559, 0.418
24, 144.0, 0.000, 0.000
24, 144.0, 1.559, 0.418
24, 144.0, 3.118, 0.835
24, 144.0, 4.677, 1.253
24, 144.0, 6.235, 1.671
24, 144.0, 7.794, 2.088
24, 144.0, 9.353, 2.506
24, 144.0, 10.912, 2.924
24, 144.0, 12.471, 3.342
24, 144.0, 14.030, 3.759
24, 144.0, 15.588, 4.177
24, 144.0, 15.588, 18.000
24, 144.0, -15.588, 18.000
# --- Station 25 at 150" (beam=29.5") ---
25, 150.0, -14.745, 3.951
25, 150.0, -13.270, 3.556
25, 150.0, -11.796, 3.161
25, 150.0, -10.321, 2.766
25, 150.0, -8.847, 2.371
25, 150.0, -7.372, 1.975
25, 150.0, -5.898, 1.580
25, 150.0, -4.423, 1.185
25, 150.0, -2.949, 0.790
25, 150.0, -1.474, 0.395
25, 150.0, 0.000, 0.000
25, 150.0, 1.474, 0.395
25, 150.0, 2.949, 0.790
25, 150.0, 4.423, 1.185
25, 150.0, 5.898, 1.580
25, 150.0, 7.372, 1.975
25, 150.0, 8.847, 2.371
25, 150.0, 10.321, 2.766
25, 150.0, 11.796, 3.161
25, 150.0, 13.270, 3.556
25, 150.0, 14.745, 3.951
25, 150.0, 14.745, 18.000
25, 150.0, -14.745, 18.000
# --- Station 26 at 156" (beam=27.6") ---
26, 156.0, -13.789, 3.695
26, 156.0, -12.410, 3.325
26, 156.0, -11.031, 2.956
26, 156.0, -9.652, 2.586
26, 156.0, -8.273, 2.217
26, 156.0, -6.894, 1.847
26, 156.0, -5.516, 1.478
26, 156.0, -4.137, 1.108
26, 156.0, -2.758, 0.739
26, 156.0, -1.379, 0.369
26, 156.0, 0.000, 0.000
26, 156.0, 1.379, 0.369
26, 156.0, 2.758, 0.739
26, 156.0, 4.137, 1.108
26, 156.0, 5.516, 1.478
26, 156.0, 6.894, 1.847
26, 156.0, 8.273, 2.217
26, 156.0, 9.652, 2.586
26, 156.0, 11.031, 2.956
26, 156.0, 12.410, 3.325
26, 156.0, 13.789, 3.695
26, 156.0, 13.789, 18.000
26, 156.0, -13.789, 18.000
# --- Station 27 at 162" (beam=25.5") ---
27, 162.0, -12.728, 3.410
27, 162.0, -11.455, 3.069
27, 162.0, -10.182, 2.728
27, 162.0, -8.910, 2.387
27, 162.0, -7.637, 2.046
27, 162.0, -6.364, 1.705
27, 162.0, -5.091, 1.364
27, 162.0, -3.818, 1.023
27, 162.0, -2.546, 0.682
27, 162.0, -1.273, 0.341
27, 162.0, 0.000, 0.000
27, 162.0, 1.273, 0.341
27, 162.0, 2.546, 0.682
27, 162.0, 3.818, 1.023
27, 162.0, 5.091, 1.364
27, 162.0, 6.364, 1.705
27, 162.0, 7.637, 2.046
27, 162.0, 8.910, 2.387
27, 162.0, 10.182, 2.728
27, 162.0, 11.455, 3.069
27, 162.0, 12.728, 3.410
27, 162.0, 12.728, 18.000
27, 162.0, -12.728, 18.000
# --- Station 28 at 168" (beam=23.1") ---
28, 168.0, -11.570, 3.100
28, 168.0, -10.413, 2.790
28, 168.0, -9.256, 2.480
28, 168.0, -8.099, 2.170
28, 168.0, -6.942, 1.860
28, 168.0, -5.785, 1.550
28, 168.0, -4.628, 1.240
28, 168.0, -3.471, 0.930
28, 168.0, -2.314, 0.620
28, 168.0, -1.157, 0.310
28, 168.0, 0.000, 0.000
28, 168.0, 1.157, 0.310
28, 168.0, 2.314, 0.620
28, 168.0, 3.471, 0.930
28, 168.0, 4.628, 1.240
28, 168.0, 5.785, 1.550
28, 168.0, 6.942, 1.860
28, 168.0, 8.099, 2.170
28, 168.0, 9.256, 2.480
28, 168.0, 10.413, 2.790
28, 168.0, 11.570, 3.100
28, 168.0, 11.570, 18.000
28, 168.0, -11.570, 18.000
# --- Station 29 at 174" (beam=20.6") ---
29, 174.0, -10.324, 2.766
29, 174.0, -9.292, 2.490
29, 174.0, -8.260, 2.213
29, 174.0, -7.227, 1.936
29, 174.0, -6.195, 1.660
29, 174.0, -5.162, 1.383
29, 174.0, -4.130, 1.107
29, 174.0, -3.097, 0.830
29, 174.0, -2.065, 0.553
29, 174.0, -1.032, 0.277
29, 174.0, 0.000, 0.000
29, 174.0, 1.032, 0.277
29, 174.0, 2.065, 0.553
29, 174.0, 3.097, 0.830
29, 174.0, 4.130, 1.107
29, 174.0, 5.162, 1.383
29, 174.0, 6.195, 1.660
29, 174.0, 7.227, 1.936
29, 174.0, 8.260, 2.213
29, 174.0, 9.292, 2.490
29, 174.0, 10.324, 2.766
29, 174.0, 10.324, 18.000
29, 174.0, -10.324, 18.000
# --- Station 30 at 180" (beam=18.0") ---
30, 180.0, -9.000, 2.412
30, 180.0, -8.100, 2.170
30, 180.0, -7.200, 1.929
30, 180.0, -6.300, 1.688
30, 180.0, -5.400, 1.447
30, 180.0, -4.500, 1.206
30, 180.0, -3.600, 0.965
30, 180.0, -2.700, 0.723
30, 180.0, -1.800, 0.482
30, 180.0, -0.900, 0.241
30, 180.0, 0.000, 0.000
30, 180.0, 0.900, 0.241
30, 180.0, 1.800, 0.482
30, 180.0, 2.700, 0.723
30, 180.0, 3.600, 0.965
30, 180.0, 4.500, 1.206
30, 180.0, 5.400, 1.447
30, 180.0, 6.300, 1.688
30, 180.0, 7.200, 1.929
30, 180.0, 8.100, 2.170
30, 180.0, 9.000, 2.412
30, 180.0, 9.000, 18.000
30, 180.0, -9.000, 18.000
# --- Station 31 at 186" (beam=15.2") ---
31, 186.0, -7.607, 2.038
31, 186.0, -6.846, 1.834
31, 186.0, -6.086, 1.631
31, 186.0, -5.325, 1.427
31, 186.0, -4.564, 1.223
31, 186.0, -3.804, 1.019
31, 186.0, -3.043, 0.815
31, 186.0, -2.282, 0.611
31, 186.0, -1.521, 0.408
31, 186.0, -0.761, 0.204
31, 186.0, 0.000, 0.000
31, 186.0, 0.761, 0.204
31, 186.0, 1.521, 0.408
31, 186.0, 2.282, 0.611
31, 186.0, 3.043, 0.815
31, 186.0, 3.804, 1.019
31, 186.0, 4.564, 1.223
31, 186.0, 5.325, 1.427
31, 186.0, 6.086, 1.631
31, 186.0, 6.846, 1.834
31, 186.0, 7.607, 2.038
31, 186.0, 7.607, 18.000
31, 186.0, -7.607, 18.000
# --- Station 32 at 192" (beam=12.3") ---
32, 192.0, -6.156, 1.650
32, 192.0, -5.541, 1.485
32, 192.0, -4.925, 1.320
32, 192.0, -4.309, 1.155
32, 192.0, -3.694, 0.990
32, 192.0, -3.078, 0.825
32, 192.0, -2.463, 0.660
32, 192.0, -1.847, 0.495
32, 192.0, -1.231, 0.330
32, 192.0, -0.616, 0.165
32, 192.0, 0.000, 0.000
32, 192.0, 0.616, 0.165
32, 192.0, 1.231, 0.330
32, 192.0, 1.847, 0.495
32, 192.0, 2.463, 0.660
32, 192.0, 3.078, 0.825
32, 192.0, 3.694, 0.990
32, 192.0, 4.309, 1.155
32, 192.0, 4.925, 1.320
32, 192.0, 5.541, 1.485
32, 192.0, 6.156, 1.650
32, 192.0, 6.156, 18.000
32, 192.0, -6.156, 18.000
# --- Station 33 at 198" (beam=9.3") ---
33, 198.0, -4.659, 1.248
33, 198.0, -4.193, 1.123
33, 198.0, -3.727, 0.999
33, 198.0, -3.261, 0.874
33, 198.0, -2.795, 0.749
33, 198.0, -2.329, 0.624
33, 198.0, -1.863, 0.499
33, 198.0, -1.398, 0.374
33, 198.0, -0.932, 0.250
33, 198.0, -0.466, 0.125
33, 198.0, 0.000, 0.000
33, 198.0, 0.466, 0.125
33, 198.0, 0.932, 0.250
33, 198.0, 1.398, 0.374
33, 198.0, 1.863, 0.499
33, 198.0, 2.329, 0.624
33, 198.0, 2.795, 0.749
33, 198.0, 3.261, 0.874
33, 198.0, 3.727, 0.999
33, 198.0, 4.193, 1.123
33, 198.0, 4.659, 1.248
33, 198.0, 4.659, 18.000
33, 198.0, -4.659, 18.000
# --- Station 34 at 204" (beam=6.3") ---
34, 204.0, -3.126, 0.838
34, 204.0, -2.813, 0.754
34, 204.0, -2.501, 0.670
34, 204.0, -2.188, 0.586
34, 204.0, -1.875, 0.503
34, 204.0, -1.563, 0.419
34, 204.0, -1.250, 0.335
34, 204.0, -0.938, 0.251
34, 204.0, -0.625, 0.168
34, 204.0, -0.313, 0.084
34, 204.0, 0.000, 0.000
34, 204.0, 0.313, 0.084
34, 204.0, 0.625, 0.168
34, 204.0, 0.938, 0.251
34, 204.0, 1.250, 0.335
34, 204.0, 1.563, 0.419
34, 204.0, 1.875, 0.503
34, 204.0, 2.188, 0.586
34, 204.0, 2.501, 0.670
34, 204.0, 2.813, 0.754
34, 204.0, 3.126, 0.838
34, 204.0, 3.126, 18.000
34, 204.0, -3.126, 18.000
# --- Station 35 at 210" (beam=3.1") ---
35, 210.0, -1.569, 0.420
35, 210.0, -1.412, 0.378
35, 210.0, -1.255, 0.336
35, 210.0, -1.098, 0.294
35, 210.0, -0.941, 0.252
35, 210.0, -0.784, 0.210
35, 210.0, -0.628, 0.168
35, 210.0, -0.471, 0.126
35, 210.0, -0.314, 0.084
35, 210.0, -0.157, 0.042
35, 210.0, 0.000, 0.000
35, 210.0, 0.157, 0.042
35, 210.0, 0.314, 0.084
35, 210.0, 0.471, 0.126
35, 210.0, 0.628, 0.168
35, 210.0, 0.784, 0.210
35, 210.0, 0.941, 0.252
35, 210.0, 1.098, 0.294
35, 210.0, 1.255, 0.336
35, 210.0, 1.412, 0.378
35, 210.0, 1.569, 0.420
35, 210.0, 1.569, 18.000
35, 210.0, -1.569, 18.000
# --- Station 36 at 216" (beam=0.0") ---
36, 216.0, 0.000, 0.000