# NAU Concrete Canoe 2026 — Design A CNC Coordinates
# Design A — Optimal (Lightest)
# Hull: 192" × 32" × 17", thickness 0.5"
# Stations every 6.0" (33 stations)
# Format: Station_Number, Position_in, X_coord, Y_coord
# Cross-section: V-bottom, deadrise=15°, depth=17"
# Origin: keel centerline at bottom

Station, Pos(in), X(in), Y(in)
# --- Station 0 at 0" (beam=0.0") ---
0, 0.0, 0.000, 0.000
# --- Station 1 at 6" (beam=3.1") ---
1, 6.0, -1.568, 0.420
1, 6.0, -1.411, 0.378
1, 6.0, -1.255, 0.336
1, 6.0, -1.098, 0.294
1, 6.0, -0.941, 0.252
1, 6.0, -0.784, 0.210
1, 6.0, -0.627, 0.168
1, 6.0, -0.470, 0.126
1, 6.0, -0.314, 0.084
1, 6.0, -0.157, 0.042
1, 6.0, 0.000, 0.000
1, 6.0, 0.157, 0.042
1, 6.0, 0.314, 0.084
1, 6.0, 0.470, 0.126
1, 6.0, 0.627, 0.168
1, 6.0, 0.784, 0.210
1, 6.0, 0.941, 0.252
1, 6.0, 1.098, 0.294
1, 6.0, 1.255, 0.336
1, 6.0, 1.411, 0.378
1, 6.0, 1.568, 0.420
1, 6.0, 1.568, 17.000
1, 6.0, -1.568, 17.000
# --- Station 2 at 12" (beam=6.2") ---
2, 12.0, -3.121, 0.836
2, 12.0, -2.809, 0.753
2, 12.0, -2.497, 0.669
2, 12.0, -2.185, 0.585
2, 12.0, -1.873, 0.502
2, 12.0, -1.561, 0.418
2, 12.0, -1.249, 0.335
2, 12.0, -0.936, 0.251
2, 12.0, -0.624, 0.167
2, 12.0, -0.312, 0.084
2, 12.0, 0.000, 0.000
2, 12.0, 0.312, 0.084
2, 12.0, 0.624, 0.167
2, 12.0, 0.936, 0.251
2, 12.0, 1.249, 0.335
2, 12.0, 1.561, 0.418
2, 12.0, 1.873, 0.502
2, 12.0, 2.185, 0.585
2, 12.0, 2.497, 0.669
2, 12.0, 2.809, 0.753
2, 12.0, 3.121, 0.836
2, 12.0, 3.121, 17.000
2, 12.0, -3.121, 17.000
# --- Station 3 at 18" (beam=9.3") ---
3, 18.0, -4.645, 1.245
3, 18.0, -4.180, 1.120
3, 18.0, -3.716, 0.996
3, 18.0, -3.251, 0.871
3, 18.0, -2.787, 0.747
3, 18.0, -2.322, 0.622
3, 18.0, -1.858, 0.498
3, 18.0, -1.393, 0.373
3, 18.0, -0.929, 0.249
3, 18.0, -0.464, 0.124
3, 18.0, 0.000, 0.000
3, 18.0, 0.464, 0.124
3, 18.0, 0.929, 0.249
3, 18.0, 1.393, 0.373
3, 18.0, 1.858, 0.498
3, 18.0, 2.322, 0.622
3, 18.0, 2.787, 0.747
3, 18.0, 3.251, 0.871
3, 18.0, 3.716, 0.996
3, 18.0, 4.180, 1.120
3, 18.0, 4.645, 1.245
3, 18.0, 4.645, 17.000
3, 18.0, -4.645, 17.000
# --- Station 4 at 24" (beam=12.2") ---
4, 24.0, -6.123, 1.641
4, 24.0, -5.511, 1.477
4, 24.0, -4.898, 1.313
4, 24.0, -4.286, 1.148
4, 24.0, -3.674, 0.984
4, 24.0, -3.061, 0.820
4, 24.0, -2.449, 0.656
4, 24.0, -1.837, 0.492
4, 24.0, -1.225, 0.328
4, 24.0, -0.612, 0.164
4, 24.0, 0.000, 0.000
4, 24.0, 0.612, 0.164
4, 24.0, 1.225, 0.328
4, 24.0, 1.837, 0.492
4, 24.0, 2.449, 0.656
4, 24.0, 3.061, 0.820
4, 24.0, 3.674, 0.984
4, 24.0, 4.286, 1.148
4, 24.0, 4.898, 1.313
4, 24.0, 5.511, 1.477
4, 24.0, 6.123, 1.641
4, 24.0, 6.123, 17.000
4, 24.0, -6.123, 17.000
# --- Station 5 at 30" (beam=15.1") ---
5, 30.0, -7.542, 2.021
5, 30.0, -6.788, 1.819
5, 30.0, -6.034, 1.617
5, 30.0, -5.280, 1.415
5, 30.0, -4.525, 1.213
5, 30.0, -3.771, 1.010
5, 30.0, -3.017, 0.808
5, 30.0, -2.263, 0.606
5, 30.0, -1.508, 0.404
5, 30.0, -0.754, 0.202
5, 30.0, 0.000, 0.000
5, 30.0, 0.754, 0.202
5, 30.0, 1.508, 0.404
5, 30.0, 2.263, 0.606
5, 30.0, 3.017, 0.808
5, 30.0, 3.771, 1.010
5, 30.0, 4.525, 1.213
5, 30.0, 5.280, 1.415
5, 30.0, 6.034, 1.617
5, 30.0, 6.788, 1.819
5, 30.0, 7.542, 2.021
5, 30.0, 7.542, 17.000
5, 30.0, -7.542, 17.000
# --- Station 6 at 36" (beam=17.8") ---
6, 36.0, -8.889, 2.382
6, 36.0, -8.000, 2.144
6, 36.0, -7.111, 1.905
6, 36.0, -6.222, 1.667
6, 36.0, -5.333, 1.429
6, 36.0, -4.445, 1.191
6, 36.0, -3.556, 0.953
6, 36.0, -2.667, 0.715
6, 36.0, -1.778, 0.476
6, 36.0, -0.889, 0.238
6, 36.0, 0.000, 0.000
6, 36.0, 0.889, 0.238
6, 36.0, 1.778, 0.476
6, 36.0, 2.667, 0.715
6, 36.0, 3.556, 0.953
6, 36.0, 4.445, 1.191
6, 36.0, 5.333, 1.429
6, 36.0, 6.222, 1.667
6, 36.0, 7.111, 1.905
6, 36.0, 8.000, 2.144
6, 36.0, 8.889, 2.382
6, 36.0, 8.889, 17.000
6, 36.0, -8.889, 17.000
# --- Station 7 at 42" (beam=20.3") ---
7, 42.0, -10.150, 2.720
7, 42.0, -9.135, 2.448
7, 42.0, -8.120, 2.176
7, 42.0, -7.105, 1.904
7, 42.0, -6.090, 1.632
7, 42.0, -5.075, 1.360
7, 42.0, -4.060, 1.088
7, 42.0, -3.045, 0.816
7, 42.0, -2.030, 0.544
7, 42.0, -1.015, 0.272
7, 42.0, 0.000, 0.000
7, 42.0, 1.015, 0.272
7, 42.0, 2.030, 0.544
7, 42.0, 3.045, 0.816
7, 42.0, 4.060, 1.088
7, 42.0, 5.075, 1.360
7, 42.0, 6.090, 1.632
7, 42.0, 7.105, 1.904
7, 42.0, 8.120, 2.176
7, 42.0, 9.135, 2.448
7, 42.0, 10.150, 2.720
7, 42.0, 10.150, 17.000
7, 42.0, -10.150, 17.000
# --- Station 8 at 48" (beam=22.6") ---
8, 48.0, -11.314, 3.031
8, 48.0, -10.182, 2.728
8, 48.0, -9.051, 2.425
8, 48.0, -7.920, 2.122
8, 48.0, -6.788, 1.819
8, 48.0, -5.657, 1.516
8, 48.0, -4.525, 1.213
8, 48.0, -3.394, 0.909
8, 48.0, -2.263, 0.606
8, 48.0, -1.131, 0.303
8, 48.0, 0.000, 0.000
8, 48.0, 1.131, 0.303
8, 48.0, 2.263, 0.606
8, 48.0, 3.394, 0.909
8, 48.0, 4.525, 1.213
8, 48.0, 5.657, 1.516
8, 48.0, 6.788, 1.819
8, 48.0, 7.920, 2.122
8, 48.0, 9.051, 2.425
8, 48.0, 10.182, 2.728
8, 48.0, 11.314, 3.031
8, 48.0, 11.314, 17.000
8, 48.0, -11.314, 17.000
# --- Station 9 at 54" (beam=24.7") ---
9, 54.0, -12.368, 3.314
9, 54.0, -11.131, 2.983
9, 54.0, -9.895, 2.651
9, 54.0, -8.658, 2.320
9, 54.0, -7.421, 1.988
9, 54.0, -6.184, 1.657
9, 54.0, -4.947, 1.326
9, 54.0, -3.710, 0.994
9, 54.0, -2.474, 0.663
9, 54.0, -1.237, 0.331
9, 54.0, 0.000, 0.000
9, 54.0, 1.237, 0.331
9, 54.0, 2.474, 0.663
9, 54.0, 3.710, 0.994
9, 54.0, 4.947, 1.326
9, 54.0, 6.184, 1.657
9, 54.0, 7.421, 1.988
9, 54.0, 8.658, 2.320
9, 54.0, 9.895, 2.651
9, 54.0, 11.131, 2.983
9, 54.0, 12.368, 3.314
9, 54.0, 12.368, 17.000
9, 54.0, -12.368, 17.000
# --- Station 10 at 60" (beam=26.6") ---
10, 60.0, -13.304, 3.565
10, 60.0, -11.973, 3.208
10, 60.0, -10.643, 2.852
10, 60.0, -9.312, 2.495
10, 60.0, -7.982, 2.139
10, 60.0, -6.652, 1.782
10, 60.0, -5.321, 1.426
10, 60.0, -3.991, 1.069
10, 60.0, -2.661, 0.713
10, 60.0, -1.330, 0.356
10, 60.0, 0.000, 0.000
10, 60.0, 1.330, 0.356
10, 60.0, 2.661, 0.713
10, 60.0, 3.991, 1.069
10, 60.0, 5.321, 1.426
10, 60.0, 6.652, 1.782
10, 60.0, 7.982, 2.139
10, 60.0, 9.312, 2.495
10, 60.0, 10.643, 2.852
10, 60.0, 11.973, 3.208
10, 60.0, 13.304, 3.565
10, 60.0, 13.304, 17.000
10, 60.0, -13.304, 17.000
# --- Station 11 at 66" (beam=28.2") ---
11, 66.0, -14.111, 3.781
11, 66.0, -12.700, 3.403
11, 66.0, -11.289, 3.025
11, 66.0, -9.878, 2.647
11, 66.0, -8.466, 2.269
11, 66.0, -7.055, 1.890
11, 66.0, -5.644, 1.512
11, 66.0, -4.233, 1.134
11, 66.0, -2.822, 0.756
11, 66.0, -1.411, 0.378
11, 66.0, 0.000, 0.000
11, 66.0, 1.411, 0.378
11, 66.0, 2.822, 0.756
11, 66.0, 4.233, 1.134
11, 66.0, 5.644, 1.512
11, 66.0, 7.055, 1.890
11, 66.0, 8.466, 2.269
11, 66.0, 9.878, 2.647
11, 66.0, 11.289, 3.025
11, 66.0, 12.700, 3.403
11, 66.0, 14.111, 3.781
11, 66.0, 14.111, 17.000
11, 66.0, -14.111, 17.000
# --- Station 12 at 72" (beam=29.6") ---
12, 72.0, -14.782, 3.961
12, 72.0, -13.304, 3.565
12, 72.0, -11.826, 3.169
12, 72.0, -10.347, 2.773
12, 72.0, -8.869, 2.377
12, 72.0, -7.391, 1.980
12, 72.0, -5.913, 1.584
12, 72.0, -4.435, 1.188
12, 72.0, -2.956, 0.792
12, 72.0, -1.478, 0.396
12, 72.0, 0.000, 0.000
12, 72.0, 1.478, 0.396
12, 72.0, 2.956, 0.792
12, 72.0, 4.435, 1.188
12, 72.0, 5.913, 1.584
12, 72.0, 7.391, 1.980
12, 72.0, 8.869, 2.377
12, 72.0, 10.347, 2.773
12, 72.0, 11.826, 3.169
12, 72.0, 13.304, 3.565
12, 72.0, 14.782, 3.961
12, 72.0, 14.782, 17.000
12, 72.0, -14.782, 17.000
# --- Station 13 at 78" (beam=30.6") ---
13, 78.0, -15.311, 4.103
13, 78.0, -13.780, 3.692
13, 78.0, -12.249, 3.282
13, 78.0, -10.718, 2.872
13, 78.0, -9.187, 2.462
13, 78.0, -7.656, 2.051
13, 78.0, -6.124, 1.641
13, 78.0, -4.593, 1.231
13, 78.0, -3.062, 0.821
13, 78.0, -1.531, 0.410
13, 78.0, 0.000, 0.000
13, 78.0, 1.531, 0.410
13, 78.0, 3.062, 0.821
13, 78.0, 4.593, 1.231
13, 78.0, 6.124, 1.641
13, 78.0, 7.656, 2.051
13, 78.0, 9.187, 2.462
13, 78.0, 10.718, 2.872
13, 78.0, 12.249, 3.282
13, 78.0, 13.780, 3.692
13, 78.0, 15.311, 4.103
13, 78.0, 15.311, 17.000
13, 78.0, -15.311, 17.000
# --- Station 14 at 84" (beam=31.4") ---
14, 84.0, -15.693, 4.205
14, 84.0, -14.123, 3.784
14, 84.0, -12.554, 3.364
14, 84.0, -10.985, 2.943
14, 84.0, -9.416, 2.523
14, 84.0, -7.846, 2.102
14, 84.0, -6.277, 1.682
14, 84.0, -4.708, 1.261
14, 84.0, -3.139, 0.841
14, 84.0, -1.569, 0.420
14, 84.0, 0.000, 0.000
14, 84.0, 1.569, 0.420
14, 84.0, 3.139, 0.841
14, 84.0, 4.708, 1.261
14, 84.0, 6.277, 1.682
14, 84.0, 7.846, 2.102
14, 84.0, 9.416, 2.523
14, 84.0, 10.985, 2.943
14, 84.0, 12.554, 3.364
14, 84.0, 14.123, 3.784
14, 84.0, 15.693, 4.205
14, 84.0, 15.693, 17.000
14, 84.0, -15.693, 17.000
# --- Station 15 at 90" (beam=31.8") ---
15, 90.0, -15.923, 4.267
15, 90.0, -14.331, 3.840
15, 90.0, -12.738, 3.413
15, 90.0, -11.146, 2.987
15, 90.0, -9.554, 2.560
15, 90.0, -7.961, 2.133
15, 90.0, -6.369, 1.707
15, 90.0, -4.777, 1.280
15, 90.0, -3.185, 0.853
15, 90.0, -1.592, 0.427
15, 90.0, 0.000, 0.000
15, 90.0, 1.592, 0.427
15, 90.0, 3.185, 0.853
15, 90.0, 4.777, 1.280
15, 90.0, 6.369, 1.707
15, 90.0, 7.961, 2.133
15, 90.0, 9.554, 2.560
15, 90.0, 11.146, 2.987
15, 90.0, 12.738, 3.413
15, 90.0, 14.331, 3.840
15, 90.0, 15.923, 4.267
15, 90.0, 15.923, 17.000
15, 90.0, -15.923, 17.000
# --- Station 16 at 96" (beam=32.0") ---
16, 96.0, -16.000, 4.287
16, 96.0, -14.400, 3.858
16, 96.0, -12.800, 3.430
16, 96.0, -11.200, 3.001
16, 96.0, -9.600, 2.572
16, 96.0, -8.000, 2.144
16, 96.0, -6.400, 1.715
16, 96.0, -4.800, 1.286
16, 96.0, -3.200, 0.857
16, 96.0, -1.600, 0.429
16, 96.0, 0.000, 0.000
16, 96.0, 1.600, 0.429
16, 96.0, 3.200, 0.857
16, 96.0, 4.800, 1.286
16, 96.0, 6.400, 1.715
16, 96.0, 8.000, 2.144
16, 96.0, 9.600, 2.572
16, 96.0, 11.200, 3.001
16, 96.0, 12.800, 3.430
16, 96.0, 14.400, 3.858
16, 96.0, 16.000, 4.287
16, 96.0, 16.000, 17.000
16, 96.0, -16.000, 17.000
# --- Station 17 at 102" (beam=31.8") ---
17, 102.0, -15.923, 4.267
17, 102.0, -14.331, 3.840
17, 102.0, -12.738, 3.413
17, 102.0, -11.146, 2.987
17, 102.0, -9.554, 2.560
17, 102.0, -7.961, 2.133
17, 102.0, -6.369, 1.707
17, 102.0, -4.777, 1.280
17, 102.0, -3.185, 0.853
17, 102.0, -1.592, 0.427
17, 102.0, 0.000, 0.000
17, 102.0, 1.592, 0.427
17, 102.0, 3.185, 0.853
17, 102.0, 4.777, 1.280
17, 102.0, 6.369, 1.707
17, 102.0, 7.961, 2.133
17, 102.0, 9.554, 2.560
17, 102.0, 11.146, 2.987
17, 102.0, 12.738, 3.413
17, 102.0, 14.331, 3.840
17, 102.0, 15.923, 4.267
17, 102.0, 15.923, 17.000
17, 102.0, -15.923, 17.000
# --- Station 18 at 108" (beam=31.4") ---
18, 108.0, -15.693, 4.205
18, 108.0, -14.123, 3.784
18, 108.0, -12.554, 3.364
18, 108.0, -10.985, 2.943
18, 108.0, -9.416, 2.523
18, 108.0, -7.846, 2.102
18, 108.0, -6.277, 1.682
18, 108.0, -4.708, 1.261
18, 108.0, -3.139, 0.841
18, 108.0, -1.569, 0.420
18, 108.0, 0.000, 0.000
18, 108.0, 1.569, 0.420
18, 108.0, 3.139, 0.841
18, 108.0, 4.708, 1.261
18, 108.0, 6.277, 1.682
18, 108.0, 7.846, 2.102
18, 108.0, 9.416, 2.523
18, 108.0, 10.985, 2.943
18, 108.0, 12.554, 3.364
18, 108.0, 14.123, 3.784
18, 108.0, 15.693, 4.205
18, 108.0, 15.693, 17.000
18, 108.0, -15.693, 17.000
# --- Station 19 at 114" (beam=30.6") ---
19, 114.0, -15.311, 4.103
19, 114.0, -13.780, 3.692
19, 114.0, -12.249, 3.282
19, 114.0, -10.718, 2.872
19, 114.0, -9.187, 2.462
19, 114.0, -7.656, 2.051
19, 114.0, -6.124, 1.641
19, 114.0, -4.593, 1.231
19, 114.0, -3.062, 0.821
19, 114.0, -1.531, 0.410
19, 114.0, 0.000, 0.000
19, 114.0, 1.531, 0.410
19, 114.0, 3.062, 0.821
19, 114.0, 4.593, 1.231
19, 114.0, 6.124, 1.641
19, 114.0, 7.656, 2.051
19, 114.0, 9.187, 2.462
19, 114.0, 10.718, 2.872
19, 114.0, 12.249, 3.282
19, 114.0, 13.780, 3.692
19, 114.0, 15.311, 4.103
19, 114.0, 15.311, 17.000
19, 114.0, -15.311, 17.000
# --- Station 20 at 120" (beam=29.6") ---
20, 120.0, -14.782, 3.961
20, 120.0, -13.304, 3.565
20, 120.0, -11.826, 3.169
20, 120.0, -10.347, 2.773
20, 120.0, -8.869, 2.377
20, 120.0, -7.391, 1.980
20, 120.0, -5.913, 1.584
20, 120.0, -4.435, 1.188
20, 120.0, -2.956, 0.792
20, 120.0, -1.478, 0.396
20, 120.0, 0.000, 0.000
20, 120.0, 1.478, 0.396
20, 120.0, 2.956, 0.792
20, 120.0, 4.435, 1.188
20, 120.0, 5.913, 1.584
20, 120.0, 7.391, 1.980
20, 120.0, 8.869, 2.377
20, 120.0, 10.347, 2.773
20, 120.0, 11.826, 3.169
20, 120.0, 13.304, 3.565
20, 120.0, 14.782, 3.961
20, 120.0, 14.782, 17.000
20, 120.0, -14.782, 17.000
# --- Station 21 at 126" (beam=28.2") ---
21, 126.0, -14.111, 3.781
21, 126.0, -12.700, 3.403
21, 126.0, -11.289, 3.025
21, 126.0, -9.878, 2.647
21, 126.0, -8.466, 2.269
21, 126.0, -7.055, 1.890
21, 126.0, -5.644, 1.512
21, 126.0, -4.233, 1.134
21, 126.0, -2.822, 0.756
21, 126.0, -1.411, 0.378
21, 126.0, 0.000, 0.000
21, 126.0, 1.411, 0.378
21, 126.0, 2.822, 0.756
21, 126.0, 4.233, 1.134
21, 126.0, 5.644, 1.512
21, 126.0, 7.055, 1.890
21, 126.0, 8.466, 2.269
21, 126.0, 9.878, 2.647
21, 126.0, 11.289, 3.025
21, 126.0, 12.700, 3.403
21, 126.0, 14.111, 3.781
21, 126.0, 14.111, 17.000
21, 126.0, -14.111, 17.000
# --- Station 22 at 132" (beam=26.6") ---
22, 132.0, -13.304, 3.565
22, 132.0, -11.973, 3.208
22, 132.0, -10.643, 2.852
22, 132.0, -9.312, 2.495
22, 132.0, -7.982, 2.139
22, 132.0, -6.652, 1.782
22, 132.0, -5.321, 1.426
22, 132.0, -3.991, 1.069
22, 132.0, -2.661, 0.713
22, 132.0, -1.330, 0.356
22, 132.0, 0.000, 0.000
22, 132.0, 1.330, 0.356
22, 132.0, 2.661, 0.713
22, 132.0, 3.991, 1.069
22, 132.0, 5.321, 1.426
22, 132.0, 6.652, 1.782
22, 132.0, 7.982, 2.139
22, 132.0, 9.312, 2.495
22, 132.0, 10.643, 2.852
22, 132.0, 11.973, 3.208
22, 132.0, 13.304, 3.565
22, 132.0, 13.304, 17.000
22, 132.0, -13.304, 17.000
# --- Station 23 at 138" (beam=24.7") ---
23, 138.0, -12.368, 3.314
23, 138.0, -11.131, 2.983
23, 138.0, -9.895, 2.651
23, 138.0, -8.658, 2.320
23, 138.0, -7.421, 1.988
23, 138.0, -6.184, 1.657
23, 138.0, -4.947, 1.326
23, 138.0, -3.710, 0.994
23, 138.0, -2.474, 0.663
23, 138.0, -1.237, 0.331
23, 138.0, 0.000, 0.000
23, 138.0, 1.237, 0.331
23, 138.0, 2.474, 0.663
23, 138.0, 3.710, 0.994
23, 138.0, 4.947, 1.326
23, 138.0, 6.184, 1.657
23, 138.0, 7.421, 1.988
23, 138.0, 8.658, 2.320
23, 138.0, 9.895, 2.651
23, 138.0, 11.131, 2.983
23, 138.0, 12.368, 3.314
23, 138.0, 12.368, 17.000
23, 138.0, -12.368, 17.000
# --- Station 24 at 144" (beam=22.6") ---
24, 144.0, -11.314, 3.031
24, 144.0, -10.182, 2.728
24, 144.0, -9.051, 2.425
24, 144.0, -7.920, 2.122
24, 144.0, -6.788, 1.819
24, 144.0, -5.657, 1.516
24, 144.0, -4.525, 1.213
24, 144.0, -3.394, 0.909
24, 144.0, -2.263, 0.606
24, 144.0, -1.131, 0.303
24, 144.0, 0.000, 0.000
24, 144.0, 1.131, 0.303
24, 144.0, 2.263, 0.606
24, 144.0, 3.394, 0.909
24, 144.0, 4.525, 1.213
24, 144.0, 5.657, 1.516
24, 144.0, 6.788, 1.819
24, 144.0, 7.920, 2.122
24, 144.0, 9.051, 2.425
24, 144.0, 10.182, 2.728
24, 144.0, 11.314, 3.031
24, 144.0, 11.314, 17.000
24, 144.0, -11.314, 17.000
# --- Station 25 at 150" (beam=20.3") ---
25, 150.0, -10.150, 2.720
25, 150.0, -9.135, 2.448
25, 150.0, -8.120, 2.176
25, 150.0, -7.105, 1.904
25, 150.0, -6.090, 1.632
25, 150.0, -5.075, 1.360
25, 150.0, -4.060, 1.088
25, 150.0, -3.045, 0.816
25, 150.0, -2.030, 0.544
25, 150.0, -1.015, 0.272
25, 150.0, 0.000, 0.000
25, 150.0, 1.015, 0.272
25, 150.0, 2.030, 0.544
25, 150.0, 3.045, 0.816
25, 150.0, 4.060, 1.088
25, 150.0, 5.075, 1.360
25, 150.0, 6.090, 1.632
25, 150.0, 7.105, 1.904
25, 150.0, 8.120, 2.176
25, 150.0, 9.135, 2.448
25, 150.0, 10.150, 2.720
25, 150.0, 10.150, 17.000
25, 150.0, -10.150, 17.000
# --- Station 26 at 156" (beam=17.8") ---
26, 156.0, -8.889, 2.382
26, 156.0, -8.000, 2.144
26, 156.0, -7.111, 1.905
26, 156.0, -6.222, 1.667
26, 156.0, -5.333, 1.429
26, 156.0, -4.445, 1.191
26, 156.0, -3.556, 0.953
26, 156.0, -2.667, 0.715
26, 156.0, -1.778, 0.476
26, 156.0, -0.889, 0.238
26, 156.0, 0.000, 0.000
26, 156.0, 0.889, 0.238
26, 156.0, 1.778, 0.476
26, 156.0, 2.667, 0.715
26, 156.0, 3.556, 0.953
26, 156.0, 4.445, 1.191
26, 156.0, 5.333, 1.429
26, 156.0, 6.222, 1.667
26, 156.0, 7.111, 1.905
26, 156.0, 8.000, 2.144
26, 156.0, 8.889, 2.382
26, 156.0, 8.889, 17.000
26, 156.0, -8.889, 17.000
# --- Station 27 at 162" (beam=15.1") ---
27, 162.0, -7.542, 2.021
27, 162.0, -6.788, 1.819
27, 162.0, -6.034, 1.617
27, 162.0, -5.280, 1.415
27, 162.0, -4.525, 1.213
27, 162.0, -3.771, 1.010
27, 162.0, -3.017, 0.808
27, 162.0, -2.263, 0.606
27, 162.0, -1.508, 0.404
27, 162.0, -0.754, 0.202
27, 162.0, -0.000, 0.000
27, 162.0, 0.754, 0.202
27, 162.0, 1.508, 0.404
27, 162.0, 2.263, 0.606
27, 162.0, 3.017, 0.808
27, 162.0, 3.771, 1.010
27, 162.0, 4.525, 1.213
27, 162.0, 5.280, 1.415
27, 162.0, 6.034, 1.617
27, 162.0, 6.788, 1.819
27, 162.0, 7.542, 2.021
27, 162.0, 7.542, 17.000
27, 162.0, -7.542, 17.000
# --- Station 28 at 168" (beam=12.2") ---
28, 168.0, -6.123, 1.641
28, 168.0, -5.511, 1.477
28, 168.0, -4.898, 1.313
28, 168.0, -4.286, 1.148
28, 168.0, -3.674, 0.984
28, 168.0, -3.061, 0.820
28, 168.0, -2.449, 0.656
28, 168.0, -1.837, 0.492
28, 168.0, -1.225, 0.328
28, 168.0, -0.612, 0.164
28, 168.0, 0.000, 0.000
28, 168.0, 0.612, 0.164
28, 168.0, 1.225, 0.328
28, 168.0, 1.837, 0.492
28, 168.0, 2.449, 0.656
28, 168.0, 3.061, 0.820
28, 168.0, 3.674, 0.984
28, 168.0, 4.286, 1.148
28, 168.0, 4.898, 1.313
28, 168.0, 5.511, 1.477
28, 168.0, 6.123, 1.641
28, 168.0, 6.123, 17.000
28, 168.0, -6.123, 17.000
# --- Station 29 at 174" (beam=9.3") ---
29, 174.0, -4.645, 1.245
29, 174.0, -4.180, 1.120
29, 174.0, -3.716, 0.996
29, 174.0, -3.251, 0.871
29, 174.0, -2.787, 0.747
29, 174.0, -2.322, 0.622
29, 174.0, -1.858, 0.498
29, 174.0, -1.393, 0.373
29, 174.0, -0.929, 0.249
29, 174.0, -0.464, 0.124
29, 174.0, 0.000, 0.000
29, 174.0, 0.464, 0.124
29, 174.0, 0.929, 0.249
29, 174.0, 1.393, 0.373
29, 174.0, 1.858, 0.498
29, 174.0, 2.322, 0.622
29, 174.0, 2.787, 0.747
29, 174.0, 3.251, 0.871
29, 174.0, 3.716, 0.996
29, 174.0, 4.180, 1.120
29, 174.0, 4.645, 1.245
29, 174.0, 4.645, 17.000
29, 174.0, -4.645, 17.000
# --- Station 30 at 180" (beam=6.2") ---
30, 180.0, -3.121, 0.836
30, 180.0, -2.809, 0.753
30, 180.0, -2.497, 0.669
30, 180.0, -2.185, 0.585
30, 180.0, -1.873, 0.502
30, 180.0, -1.561, 0.418
30, 180.0, -1.249, 0.335
30, 180.0, -0.936, 0.251
30, 180.0, -0.624, 0.167
30, 180.0, -0.312, 0.084
30, 180.0, 0.000, 0.000
30, 180.0, 0.312, 0.084
30, 180.0, 0.624, 0.167
30, 180.0, 0.936, 0.251
30, 180.0, 1.249, 0.335
30, 180.0, 1.561, 0.418
30, 180.0, 1.873, 0.502
30, 180.0, 2.185, 0.585
30, 180.0, 2.497, 0.669
30, 180.0, 2.809, 0.753
30, 180.0, 3.121, 0.836
30, 180.0, 3.121, 17.000
30, 180.0, -3.121, 17.000
# --- Station 31 at 186" (beam=3.1") ---
31, 186.0, -1.568, 0.420
31, 186.0, -1.411, 0.378
31, 186.0, -1.255, 0.336
31, 186.0, -1.098, 0.294
31, 186.0, -0.941, 0.252
31, 186.0, -0.784, 0.210
31, 186.0, -0.627, 0.168
31, 186.0, -0.470, 0.126
31, 186.0, -0.314, 0.084
31, 186.0, -0.157, 0.042
31, 186.0, 0.000, 0.000
31, 186.0, 0.157, 0.042
31, 186.0, 0.314, 0.084
31, 186.0, 0.470, 0.126
31, 186.0, 0.627, 0.168
31, 186.0, 0.784, 0.210
31, 186.0, 0.941, 0.252
31, 186.0, 1.098, 0.294
31, 186.0, 1.255, 0.336
31, 186.0, 1.411, 0.378
31, 186.0, 1.568, 0.420
31, 186.0, 1.568, 17.000
31, 186.0, -1.568, 17.000
# --- Station 32 at 192" (beam=0.0") ---
32, 192.0, 0.000, 0.000